0.8757209781324491
0.7921514103654772
0.7921514103654772
0.7921514103654772
0.7921514103654772
0.7921514103654772
0.7792133200564422
0.7792133200564422
0.7792133200564422
0.7702759079402313
0.7702759079402313
0.7702759079402313
0.7463257554918528
0.7138703716918826
0.7138703716918826
0.7138703716918826
0.7138703716918826
0.6727837920188904
0.6727837920188904
0.6727837920188904
0.6727837920188904
0.6370041975751519
0.6271683223558284
0.6271683223558284
0.6271683223558284
0.6271683223558284
0.6271683223558284
0.6271683223558284
0.6271683223558284
0.6271683223558284
0.6125781815499067
0.5908261898439378
0.5672242166474462
0.509036099887453
0.509036099887453
0.509036099887453
0.509036099887453
0.4767589117400348
0.4767589117400348
0.4767589117400348
0.4767589117400348
0.4767589117400348
0.4767589117400348
0.4767589117400348
0.4767589117400348
0.4485913529060781
0.4485913529060781
0.4154826330486685
0.4154826330486685
0.4154826330486685
0.4154826330486685
0.4154826330486685
0.4154826330486685
0.4154826330486685
0.4005056661553681
0.4005056661553681
0.4005056661553681
0.4005056661553681
0.4005056661553681
0.4005056661553681
0.4005056661553681
0.31306208460591733
0.31306208460591733
0.31306208460591733
0.31306208460591733
0.31306208460591733
0.31306208460591733
0.31306208460591733
0.31306208460591733
0.31306208460591733
0.31306208460591733
0.31306208460591733
0.31306208460591733
0.303063423052663
0.30224421224556863
0.30224421224556863
0.2458409593673423
0.2458409593673423
0.2458409593673423
0.2458409593673423
0.2458409593673423
0.2436016194988042
0.2436016194988042
0.2436016194988042
0.2436016194988042
0.23302976437844336
0.23302976437844336
0.23302976437844336
0.2236857134848833
0.2236857134848833
0.20036659893230535
0.20036659893230535
0.20036659893230535
0.19808634649962187
0.19808634649962187
0.19353417004458606
0.19353417004458606
0.14621689962223172
0.14621689962223172
0.14621689962223172
