0.5970062632113695
0.5970062632113695
0.5970062632113695
0.5970062632113695
0.5970062632113695
0.46277294591129703
0.46277294591129703
0.46277294591129703
0.46277294591129703
0.46277294591129703
0.446836045011878
0.446836045011878
0.446836045011878
0.446836045011878
0.446836045011878
0.3675742815248668
0.3675742815248668
0.3675742815248668
0.3641170209739357
0.3641170209739357
0.3641170209739357
0.3641170209739357
0.3558259359560907
0.3558259359560907
0.29898528626654297
0.1727106012403965
0.1727106012403965
0.1727106012403965
0.1727106012403965
0.1727106012403965
0.1727106012403965
0.1727106012403965
0.1727106012403965
0.1727106012403965
0.1727106012403965
0.1727106012403965
0.1727106012403965
0.1727106012403965
0.1727106012403965
0.1727106012403965
0.1727106012403965
0.1727106012403965
0.1727106012403965
0.1727106012403965
0.1727106012403965
0.1727106012403965
0.1727106012403965
0.1727106012403965
0.1727106012403965
0.1727106012403965
0.1727106012403965
0.09496305231004953
0.09496305231004953
0.09496305231004953
0.09496305231004953
0.09496305231004953
0.09496305231004953
0.09496305231004953
0.09496305231004953
0.09496305231004953
0.09496305231004953
0.09496305231004953
0.09496305231004953
0.09496305231004953
0.09496305231004953
0.09496305231004953
0.09496305231004953
0.09496305231004953
0.09496305231004953
0.09496305231004953
0.09496305231004953
0.09496305231004953
0.09496305231004953
0.09496305231004953
0.09496305231004953
0.09496305231004953
0.09496305231004953
0.09496305231004953
0.09496305231004953
0.09496305231004953
0.09496305231004953
0.09496305231004953
0.09496305231004953
0.09496305231004953
0.09496305231004953
0.09496305231004953
0.09496305231004953
0.09496305231004953
0.09496305231004953
0.09496305231004953
0.09496305231004953
0.09496305231004953
0.09496305231004953
0.09496305231004953
0.09496305231004953
0.09496305231004953
0.09496305231004953
0.09496305231004953
0.09496305231004953
0.09496305231004953
