0.5052840406497126
0.29566369764506817
0.29566369764506817
0.29566369764506817
0.29566369764506817
0.29566369764506817
0.29566369764506817
0.29566369764506817
0.29566369764506817
0.29566369764506817
0.29566369764506817
0.29566369764506817
0.29566369764506817
0.29566369764506817
0.29566369764506817
0.29566369764506817
0.29566369764506817
0.29566369764506817
0.29566369764506817
0.29566369764506817
0.29566369764506817
0.29566369764506817
0.29566369764506817
0.29566369764506817
0.29566369764506817
0.29566369764506817
0.29566369764506817
0.29566369764506817
0.29566369764506817
0.29566369764506817
0.29566369764506817
0.29566369764506817
0.29566369764506817
0.25412346713710576
0.25412346713710576
0.25412346713710576
0.25412346713710576
0.25412346713710576
0.21230668621137738
0.21230668621137738
0.21230668621137738
0.21230668621137738
0.21230668621137738
0.11843500100076199
0.11843500100076199
0.11843500100076199
0.11843500100076199
0.11843500100076199
0.11843500100076199
0.11843500100076199
0.11843500100076199
0.11843500100076199
0.11843500100076199
0.11843500100076199
0.11843500100076199
0.11843500100076199
0.11843500100076199
0.11843500100076199
0.11843500100076199
0.11843500100076199
0.11843500100076199
0.11843500100076199
0.11843500100076199
0.11843500100076199
0.11843500100076199
0.11843500100076199
0.11843500100076199
0.11843500100076199
0.11843500100076199
0.11843500100076199
0.11843500100076199
0.11843500100076199
0.11843500100076199
0.11843500100076199
0.11843500100076199
0.11843500100076199
0.11843500100076199
0.11843500100076199
0.11843500100076199
0.11843500100076199
0.11843500100076199
0.11843500100076199
0.11843500100076199
0.11843500100076199
0.11843500100076199
0.11843500100076199
0.11843500100076199
0.11843500100076199
0.11843500100076199
0.11843500100076199
0.11843500100076199
0.11843500100076199
0.11843500100076199
0.11843500100076199
0.11843500100076199
0.11843500100076199
0.11843500100076199
0.11843500100076199
0.11843500100076199
0.11843500100076199
