0.541574953822419
0.541574953822419
0.34389649680815637
0.34389649680815637
0.34389649680815637
0.34389649680815637
0.34389649680815637
0.34389649680815637
0.34389649680815637
0.34389649680815637
0.34389649680815637
0.34389649680815637
0.34389649680815637
0.34389649680815637
0.34389649680815637
0.34389649680815637
0.34389649680815637
0.34389649680815637
0.34389649680815637
0.34389649680815637
0.34389649680815637
0.34389649680815637
0.34389649680815637
0.34389649680815637
0.34389649680815637
0.34389649680815637
0.34389649680815637
0.34389649680815637
0.34389649680815637
0.34389649680815637
0.34389649680815637
0.34389649680815637
0.34389649680815637
0.34389649680815637
0.34389649680815637
0.34389649680815637
0.34389649680815637
0.34389649680815637
0.34389649680815637
0.34389649680815637
0.34389649680815637
0.34389649680815637
0.34389649680815637
0.34389649680815637
0.34389649680815637
0.34389649680815637
0.34389649680815637
0.3109129958320409
0.23413323093700456
0.23413323093700456
0.14614760549739003
0.14614760549739003
0.14614760549739003
0.14614760549739003
0.14614760549739003
0.14614760549739003
0.14614760549739003
0.14614760549739003
0.14614760549739003
0.14614760549739003
0.14614760549739003
0.02448034379631281
0.02448034379631281
0.02448034379631281
0.02448034379631281
0.02448034379631281
0.02448034379631281
0.02448034379631281
0.02448034379631281
0.02448034379631281
0.02448034379631281
0.02448034379631281
0.02448034379631281
0.02448034379631281
0.02448034379631281
0.02448034379631281
0.02448034379631281
0.02448034379631281
0.02448034379631281
0.02448034379631281
0.02448034379631281
0.02448034379631281
0.02448034379631281
0.02448034379631281
0.02448034379631281
0.02448034379631281
0.02448034379631281
0.02448034379631281
0.02448034379631281
0.02448034379631281
0.02448034379631281
0.02448034379631281
0.02448034379631281
0.02448034379631281
0.02448034379631281
0.02448034379631281
0.02448034379631281
0.02448034379631281
0.02448034379631281
0.02448034379631281
