0.7559865918010473
0.7346849460154772
0.713912402279675
0.614636997692287
0.614636997692287
0.614636997692287
0.4675698662176728
0.4675698662176728
0.4675698662176728
0.45828026067465544
0.45828026067465544
0.45828026067465544
0.45828026067465544
0.45828026067465544
0.45828026067465544
0.45828026067465544
0.45828026067465544
0.45828026067465544
0.3860145298531279
0.3860145298531279
0.3860145298531279
0.3860145298531279
0.3860145298531279
0.3860145298531279
0.32808198127895594
0.32808198127895594
0.32808198127895594
0.32808198127895594
0.32808198127895594
0.3238806260051206
0.3238806260051206
0.3238806260051206
0.31345510855317116
0.31229906948283315
0.31229906948283315
0.31229906948283315
0.31229906948283315
0.31229906948283315
0.31229906948283315
0.31229906948283315
0.31229906948283315
0.31229906948283315
0.18151079112431034
0.18151079112431034
0.14501461887266487
0.14501461887266487
0.14501461887266487
0.14501461887266487
0.14501461887266487
0.14501461887266487
0.14501461887266487
0.14501461887266487
0.14501461887266487
0.14501461887266487
0.14501461887266487
0.11793971969746053
0.08796097571030259
0.08796097571030259
0.08796097571030259
0.08796097571030259
0.08796097571030259
0.08796097571030259
0.08796097571030259
0.08796097571030259
0.08796097571030259
0.08796097571030259
0.08796097571030259
0.08796097571030259
0.08796097571030259
0.08796097571030259
0.08796097571030259
0.08796097571030259
0.08796097571030259
0.08796097571030259
0.08796097571030259
0.08796097571030259
0.08796097571030259
0.08796097571030259
0.08796097571030259
0.08796097571030259
0.08796097571030259
0.08796097571030259
0.08796097571030259
0.08796097571030259
0.08796097571030259
0.08796097571030259
0.08796097571030259
0.08796097571030259
0.08796097571030259
0.08796097571030259
0.08796097571030259
0.08796097571030259
0.08796097571030259
0.08796097571030259
0.08796097571030259
0.08796097571030259
0.08796097571030259
0.08796097571030259
0.08796097571030259
0.08796097571030259
