0.6072097030701116
0.6072097030701116
0.6072097030701116
0.6072097030701116
0.6072097030701116
0.6072097030701116
0.6072097030701116
0.5696317257825285
0.5696317257825285
0.5696317257825285
0.5696317257825285
0.5696317257825285
0.5696317257825285
0.5696317257825285
0.5696317257825285
0.5696317257825285
0.5696317257825285
0.5696317257825285
0.5696317257825285
0.5696317257825285
0.5696317257825285
0.5696317257825285
0.5696317257825285
0.5640259901992977
0.529622258618474
0.529622258618474
0.529622258618474
0.529622258618474
0.4720392737071961
0.4720392737071961
0.4720392737071961
0.4720392737071961
0.4720392737071961
0.4720392737071961
0.4720392737071961
0.4720392737071961
0.40233256691135466
0.40233256691135466
0.40233256691135466
0.40233256691135466
0.40233256691135466
0.40233256691135466
0.40233256691135466
0.40233256691135466
0.40233256691135466
0.40233256691135466
0.40233256691135466
0.29865712544415146
0.29865712544415146
0.29865712544415146
0.29865712544415146
0.29865712544415146
0.29865712544415146
0.29865712544415146
0.29865712544415146
0.29865712544415146
0.29865712544415146
0.28390644560568035
0.28390644560568035
0.28390644560568035
0.28390644560568035
0.28390644560568035
0.21696323086507618
0.21696323086507618
0.21696323086507618
0.21696323086507618
0.21696323086507618
0.21696323086507618
0.21696323086507618
0.21696323086507618
0.21696323086507618
0.1686371322721243
0.1686371322721243
0.1686371322721243
0.1686371322721243
0.1686371322721243
0.1686371322721243
0.1686371322721243
0.1686371322721243
0.1686371322721243
0.1686371322721243
0.1686371322721243
0.1686371322721243
0.1686371322721243
0.1686371322721243
0.1686371322721243
0.1686371322721243
0.1686371322721243
0.1686371322721243
0.1686371322721243
0.1686371322721243
0.12342760583851486
0.12342760583851486
0.12342760583851486
0.12342760583851486
0.12342760583851486
0.12342760583851486
0.12342760583851486
0.12342760583851486
0.12342760583851486
