0.6832381980129867
0.6832381980129867
0.6832381980129867
0.6832381980129867
0.6571163213811815
0.6571163213811815
0.6571163213811815
0.6571163213811815
0.6571163213811815
0.6571163213811815
0.6571163213811815
0.6571163213811815
0.6571163213811815
0.6571163213811815
0.6571163213811815
0.6571163213811815
0.6571163213811815
0.6571163213811815
0.6571163213811815
0.6571163213811815
0.6571163213811815
0.6571163213811815
0.6571163213811815
0.6571163213811815
0.6571163213811815
0.6571163213811815
0.6571163213811815
0.6571163213811815
0.6571163213811815
0.612060226034373
0.612060226034373
0.612060226034373
0.612060226034373
0.612060226034373
0.612060226034373
0.612060226034373
0.612060226034373
0.6109586313832551
0.6109586313832551
0.6109586313832551
0.6109586313832551
0.6109586313832551
0.6109586313832551
0.6109586313832551
0.6109586313832551
0.6109586313832551
0.6109586313832551
0.6109586313832551
0.6109586313832551
0.6109586313832551
0.6109586313832551
0.6109586313832551
0.6109586313832551
0.6109586313832551
0.6109586313832551
0.527204068377614
0.527204068377614
0.527204068377614
0.527204068377614
0.527204068377614
0.527204068377614
0.527204068377614
0.527204068377614
0.527204068377614
0.527204068377614
0.527204068377614
0.527204068377614
0.527204068377614
0.527204068377614
0.527204068377614
0.527204068377614
0.527204068377614
0.527204068377614
0.527204068377614
0.527204068377614
0.527204068377614
0.527204068377614
0.527204068377614
0.527204068377614
0.527204068377614
0.527204068377614
0.527204068377614
0.527204068377614
0.527204068377614
0.527204068377614
0.527204068377614
0.527204068377614
0.527204068377614
0.527204068377614
0.527204068377614
0.527204068377614
0.527204068377614
0.527204068377614
0.527204068377614
0.527204068377614
0.527204068377614
0.527204068377614
0.527204068377614
0.527204068377614
0.527204068377614
