0.6707970262505114
0.6707970262505114
0.6707970262505114
0.5678495487663895
0.5678495487663895
0.5678495487663895
0.5678495487663895
0.5451231151819229
0.5451231151819229
0.5451231151819229
0.5451231151819229
0.5451231151819229
0.5451231151819229
0.5451231151819229
0.5451231151819229
0.5451231151819229
0.5451231151819229
0.5451231151819229
0.5451231151819229
0.5451231151819229
0.5451231151819229
0.5451231151819229
0.5451231151819229
0.5451231151819229
0.5451231151819229
0.5451231151819229
0.5451231151819229
0.5451231151819229
0.5451231151819229
0.5451231151819229
0.5451231151819229
0.5282471221871674
0.5282471221871674
0.5282471221871674
0.510366132715717
0.510366132715717
0.510366132715717
0.510366132715717
0.510366132715717
0.510366132715717
0.510366132715717
0.510366132715717
0.510366132715717
0.510366132715717
0.510366132715717
0.510366132715717
0.510366132715717
0.510366132715717
0.510366132715717
0.510366132715717
0.510366132715717
0.510366132715717
0.510366132715717
0.510366132715717
0.426269737072289
0.426269737072289
0.42082736967131495
0.42082736967131495
0.42082736967131495
0.4064575533629977
0.4064575533629977
0.3510715616866946
0.3510715616866946
0.3510715616866946
0.3510715616866946
0.3510715616866946
0.3510715616866946
0.3510715616866946
0.3510715616866946
0.3396325868088752
0.3396325868088752
0.3233432772103697
0.3233432772103697
0.30660613579675555
0.30660613579675555
0.30660613579675555
0.30660613579675555
0.30660613579675555
0.30660613579675555
0.30660613579675555
0.22677586693316698
0.22677586693316698
0.22677586693316698
0.22677586693316698
0.22677586693316698
0.22677586693316698
0.22677586693316698
0.22677586693316698
0.22677586693316698
0.22677586693316698
0.22677586693316698
0.22677586693316698
0.22677586693316698
0.22677586693316698
0.22677586693316698
0.22677586693316698
0.22677586693316698
0.22677586693316698
0.22677586693316698
0.22677586693316698
