0.7576871770434082
0.7576871770434082
0.6797849517315626
0.6797849517315626
0.6777440896257758
0.6777440896257758
0.6777440896257758
0.5579888783104252
0.5579888783104252
0.552038605324924
0.552038605324924
0.552038605324924
0.552038605324924
0.552038605324924
0.552038605324924
0.5516229392960668
0.42907483578892425
0.4138704719953239
0.4138704719953239
0.4138704719953239
0.4085826543159783
0.38327348639722914
0.38145670713856816
0.35731374396709725
0.32361562736332417
0.32361562736332417
0.31653958233073354
0.28370938589796424
0.28370938589796424
0.2680015543010086
0.2361158279236406
0.21915496536530554
0.2159791961312294
0.2159791961312294
0.2159791961312294
0.19612532365135849
0.19612532365135849
0.19612532365135849
0.1419322465080768
0.1419322465080768
0.1419322465080768
0.11779225314967334
0.11779225314967334
0.11779225314967334
0.11779225314967334
0.11779225314967334
0.11779225314967334
0.11779225314967334
0.11779225314967334
0.11779225314967334
0.11779225314967334
0.11779225314967334
0.11779225314967334
0.11779225314967334
0.11779225314967334
0.11779225314967334
0.11779225314967334
0.11779225314967334
0.11779225314967334
0.11779225314967334
0.11779225314967334
0.11779225314967334
0.11779225314967334
0.11779225314967334
0.11779225314967334
0.11779225314967334
0.11779225314967334
0.11779225314967334
0.11779225314967334
0.11779225314967334
0.11779225314967334
0.11779225314967334
0.11779225314967334
0.11779225314967334
0.05929914861917496
0.05929914861917496
0.05929914861917496
0.05929914861917496
0.05929914861917496
0.05929914861917496
0.05929914861917496
0.05929914861917496
0.05929914861917496
0.05929914861917496
0.05929914861917496
0.05929914861917496
0.05929914861917496
0.05929914861917496
0.05929914861917496
0.05929914861917496
0.05929914861917496
0.05929914861917496
0.05929914861917496
0.05929914861917496
0.05929914861917496
0.05929914861917496
0.05929914861917496
0.05929914861917496
0.05929914861917496
0.05929914861917496
