0.5825736531987786
0.5825736531987786
0.5825736531987786
0.5825736531987786
0.5825736531987786
0.5825736531987786
0.5825736531987786
0.5825736531987786
0.5825736531987786
0.5825736531987786
0.5825736531987786
0.5825736531987786
0.5825736531987786
0.5825736531987786
0.5825736531987786
0.5825736531987786
0.5825736531987786
0.5825736531987786
0.5825736531987786
0.5825736531987786
0.5825736531987786
0.5825736531987786
0.5812809281051159
0.5812809281051159
0.5812809281051159
0.5812809281051159
0.5812809281051159
0.5812809281051159
0.5812809281051159
0.47605788614600897
0.47605788614600897
0.47605788614600897
0.47605788614600897
0.47605788614600897
0.47605788614600897
0.47605788614600897
0.47605788614600897
0.47605788614600897
0.47605788614600897
0.47605788614600897
0.47605788614600897
0.47605788614600897
0.47605788614600897
0.47605788614600897
0.47605788614600897
0.47605788614600897
0.47605788614600897
0.47605788614600897
0.47605788614600897
0.47605788614600897
0.47605788614600897
0.47605788614600897
0.47605788614600897
0.47605788614600897
0.4614790842169896
0.4614790842169896
0.4614790842169896
0.4614790842169896
0.36876316296547884
0.36876316296547884
0.36876316296547884
0.36876316296547884
0.34141818387433887
0.34141818387433887
0.34141818387433887
0.34141818387433887
0.34141818387433887
0.34141818387433887
0.3130187604110688
0.3130187604110688
0.3130187604110688
0.3130187604110688
0.26774046942591667
0.17781045520678163
0.17781045520678163
0.17781045520678163
0.17781045520678163
0.17781045520678163
0.17781045520678163
0.06630923040211201
0.06630923040211201
0.06630923040211201
0.06630923040211201
0.06630923040211201
0.06630923040211201
0.06630923040211201
0.06630923040211201
0.06630923040211201
0.06630923040211201
0.06630923040211201
0.06630923040211201
0.06630923040211201
0.06630923040211201
0.06630923040211201
0.06630923040211201
0.06630923040211201
0.06630923040211201
0.06630923040211201
0.06630923040211201
0.06630923040211201
