0.6219346308789682
0.6219346308789682
0.6219346308789682
0.6219346308789682
0.6219346308789682
0.6219346308789682
0.5326773342676461
0.5326773342676461
0.5326773342676461
0.5326773342676461
0.5326773342676461
0.5326773342676461
0.5326773342676461
0.5326773342676461
0.5326773342676461
0.5326773342676461
0.5326773342676461
0.5326773342676461
0.5326773342676461
0.5326773342676461
0.5326773342676461
0.5326773342676461
0.5326773342676461
0.5326773342676461
0.5326773342676461
0.5326773342676461
0.5326773342676461
0.5326773342676461
0.5326773342676461
0.5326773342676461
0.5326773342676461
0.5326773342676461
0.5326773342676461
0.5326773342676461
0.5326773342676461
0.5326773342676461
0.5326773342676461
0.5326773342676461
0.5326773342676461
0.5326773342676461
0.5326773342676461
0.5326773342676461
0.5326773342676461
0.5326773342676461
0.5326773342676461
0.5326773342676461
0.5326773342676461
0.5326773342676461
0.5326773342676461
0.5326773342676461
0.5326773342676461
0.5326773342676461
0.5326773342676461
0.5326773342676461
0.5326773342676461
0.5326773342676461
0.5326773342676461
0.5326773342676461
0.5326773342676461
0.5326773342676461
0.5326773342676461
0.5326773342676461
0.5326773342676461
0.5326773342676461
0.5326773342676461
0.5326773342676461
0.5326773342676461
0.5326773342676461
0.5326773342676461
0.5326773342676461
0.5326773342676461
0.5326773342676461
0.5326773342676461
0.5326773342676461
0.5326773342676461
0.5326773342676461
0.5326773342676461
0.5326773342676461
0.5326773342676461
0.5326773342676461
0.5326773342676461
0.5326773342676461
0.5326773342676461
0.5326773342676461
0.5326773342676461
0.5326773342676461
0.5326773342676461
0.5326773342676461
0.5326773342676461
0.5326773342676461
0.5326773342676461
0.41814956965390593
0.41814956965390593
0.41814956965390593
0.41814956965390593
0.41814956965390593
0.41814956965390593
0.41814956965390593
0.41814956965390593
0.41814956965390593
