0.756886888993904
0.674560496583581
0.674560496583581
0.674560496583581
0.674560496583581
0.674560496583581
0.674560496583581
0.674560496583581
0.674560496583581
0.674560496583581
0.674560496583581
0.674560496583581
0.674560496583581
0.674560496583581
0.674560496583581
0.674560496583581
0.674560496583581
0.674560496583581
0.674560496583581
0.674560496583581
0.6332635961589403
0.6332635961589403
0.615422495175153
0.615422495175153
0.615422495175153
0.615422495175153
0.38740461677662097
0.38740461677662097
0.38740461677662097
0.38740461677662097
0.38740461677662097
0.38740461677662097
0.38740461677662097
0.38740461677662097
0.38740461677662097
0.38740461677662097
0.38740461677662097
0.38740461677662097
0.38740461677662097
0.38740461677662097
0.38740461677662097
0.38740461677662097
0.38740461677662097
0.38740461677662097
0.38740461677662097
0.38740461677662097
0.38740461677662097
0.38740461677662097
0.38740461677662097
0.38740461677662097
0.38740461677662097
0.38740461677662097
0.38740461677662097
0.38740461677662097
0.38740461677662097
0.38740461677662097
0.38740461677662097
0.38740461677662097
0.38740461677662097
0.38740461677662097
0.38740461677662097
0.38740461677662097
0.38740461677662097
0.38740461677662097
0.38740461677662097
0.38740461677662097
0.38740461677662097
0.38740461677662097
0.38740461677662097
0.38740461677662097
0.38740461677662097
0.38740461677662097
0.38740461677662097
0.38740461677662097
0.38740461677662097
0.38740461677662097
0.38740461677662097
0.38740461677662097
0.38740461677662097
0.38740461677662097
0.38740461677662097
0.38740461677662097
0.38740461677662097
0.38740461677662097
0.38740461677662097
0.38740461677662097
0.38740461677662097
0.38740461677662097
0.38740461677662097
0.38740461677662097
0.38740461677662097
0.38740461677662097
0.38740461677662097
0.38740461677662097
0.38740461677662097
0.38740461677662097
0.38740461677662097
0.38740461677662097
0.38740461677662097
0.38740461677662097
