0.7078035613521934
0.7078035613521934
0.7078035613521934
0.7078035613521934
0.7078035613521934
0.6208372273249552
0.6208372273249552
0.6208372273249552
0.5356171209132299
0.5356171209132299
0.5356171209132299
0.5356171209132299
0.5356171209132299
0.5356171209132299
0.5200032291468233
0.5200032291468233
0.5200032291468233
0.5200032291468233
0.5200032291468233
0.5200032291468233
0.5200032291468233
0.5200032291468233
0.5200032291468233
0.5200032291468233
0.5200032291468233
0.5200032291468233
0.5200032291468233
0.5200032291468233
0.5200032291468233
0.5200032291468233
0.5200032291468233
0.5200032291468233
0.5200032291468233
0.5200032291468233
0.5200032291468233
0.5200032291468233
0.5200032291468233
0.5200032291468233
0.5200032291468233
0.5200032291468233
0.5200032291468233
0.5200032291468233
0.5200032291468233
0.5200032291468233
0.5200032291468233
0.5200032291468233
0.5200032291468233
0.5200032291468233
0.5200032291468233
0.5200032291468233
0.5200032291468233
0.5200032291468233
0.5200032291468233
0.5200032291468233
0.5200032291468233
0.5200032291468233
0.5200032291468233
0.5200032291468233
0.5200032291468233
0.5200032291468233
0.5200032291468233
0.5200032291468233
0.5200032291468233
0.5200032291468233
0.5200032291468233
0.5200032291468233
0.5200032291468233
0.5200032291468233
0.41801077662967145
0.41801077662967145
0.41801077662967145
0.41801077662967145
0.41801077662967145
0.41801077662967145
0.41801077662967145
0.41801077662967145
0.41801077662967145
0.41801077662967145
0.41801077662967145
0.41801077662967145
0.41801077662967145
0.41801077662967145
0.41801077662967145
0.41801077662967145
0.41801077662967145
0.41801077662967145
0.41801077662967145
0.41801077662967145
0.41801077662967145
0.41801077662967145
0.41801077662967145
0.41801077662967145
0.41801077662967145
0.41801077662967145
0.41801077662967145
0.41801077662967145
0.41801077662967145
0.41801077662967145
0.41801077662967145
0.41801077662967145
