0.8851907909847796
0.8851907909847796
0.8044217675924301
0.8044217675924301
0.7573004414734896
0.7573004414734896
0.5124089100863785
0.5124089100863785
0.5124089100863785
0.5124089100863785
0.5124089100863785
0.5124089100863785
0.5124089100863785
0.5124089100863785
0.5124089100863785
0.5124089100863785
0.5124089100863785
0.5124089100863785
0.5124089100863785
0.5124089100863785
0.5124089100863785
0.5124089100863785
0.5124089100863785
0.5124089100863785
0.5124089100863785
0.5124089100863785
0.5124089100863785
0.5124089100863785
0.5124089100863785
0.5124089100863785
0.5124089100863785
0.5124089100863785
0.5124089100863785
0.5124089100863785
0.5124089100863785
0.5124089100863785
0.5124089100863785
0.5124089100863785
0.5124089100863785
0.5124089100863785
0.5124089100863785
0.5124089100863785
0.5124089100863785
0.5124089100863785
0.5124089100863785
0.5124089100863785
0.5124089100863785
0.5124089100863785
0.5124089100863785
0.5124089100863785
0.5124089100863785
0.5124089100863785
0.5124089100863785
0.5124089100863785
0.5124089100863785
0.5124089100863785
0.5124089100863785
0.5124089100863785
0.5124089100863785
0.5124089100863785
0.5124089100863785
0.5124089100863785
0.5124089100863785
0.5124089100863785
0.5124089100863785
0.5124089100863785
0.5124089100863785
0.5124089100863785
0.5124089100863785
0.5124089100863785
0.5124089100863785
0.5124089100863785
0.5124089100863785
0.5124089100863785
0.5124089100863785
0.5124089100863785
0.5124089100863785
0.5124089100863785
0.5124089100863785
0.5124089100863785
0.5124089100863785
0.5124089100863785
0.5124089100863785
0.5124089100863785
0.5124089100863785
0.5124089100863785
0.5124089100863785
0.5124089100863785
0.5124089100863785
0.5124089100863785
0.5124089100863785
0.5124089100863785
0.5124089100863785
0.5124089100863785
0.5124089100863785
0.5124089100863785
0.5124089100863785
0.5124089100863785
0.5124089100863785
0.5124089100863785
