0.8997370663564652
0.8997370663564652
0.8997370663564652
0.6864494951441884
0.6864494951441884
0.6864494951441884
0.6864494951441884
0.6864494951441884
0.6864494951441884
0.6864494951441884
0.6864494951441884
0.6864494951441884
0.6509633586974815
0.6509633586974815
0.6509633586974815
0.6509633586974815
0.6509633586974815
0.6509633586974815
0.6509633586974815
0.6433689733967185
0.6433689733967185
0.6433689733967185
0.6433689733967185
0.6433689733967185
0.6433689733967185
0.6433689733967185
0.6433689733967185
0.6433689733967185
0.6433689733967185
0.6433689733967185
0.6433689733967185
0.6433689733967185
0.6433689733967185
0.6433689733967185
0.6433689733967185
0.6433689733967185
0.6433689733967185
0.6433689733967185
0.6433689733967185
0.6433689733967185
0.6433689733967185
0.6433689733967185
0.6433689733967185
0.6433689733967185
0.6433689733967185
0.6433689733967185
0.6433689733967185
0.6433689733967185
0.6433689733967185
0.6433689733967185
0.6433689733967185
0.6433689733967185
0.6433689733967185
0.6433689733967185
0.6433689733967185
0.6433689733967185
0.6433689733967185
0.6433689733967185
0.6433689733967185
0.6433689733967185
0.6433689733967185
0.6433689733967185
0.6433689733967185
0.4775244970805943
0.4775244970805943
0.4775244970805943
0.4775244970805943
0.4775244970805943
0.4775244970805943
0.4775244970805943
0.4775244970805943
0.4775244970805943
0.4775244970805943
0.4775244970805943
0.4775244970805943
0.4775244970805943
0.4775244970805943
0.4775244970805943
0.4775244970805943
0.4775244970805943
0.4775244970805943
0.4775244970805943
0.4775244970805943
0.4775244970805943
0.4775244970805943
0.4775244970805943
0.4775244970805943
0.4775244970805943
0.4775244970805943
0.4775244970805943
0.4775244970805943
0.4775244970805943
0.4775244970805943
0.4775244970805943
0.4775244970805943
0.4775244970805943
0.4775244970805943
0.4775244970805943
0.4775244970805943
0.4775244970805943
