0.7591858678497374
0.7591858678497374
0.7591858678497374
0.7591858678497374
0.7591858678497374
0.7591858678497374
0.7591858678497374
0.7591858678497374
0.7341034156270325
0.7341034156270325
0.7341034156270325
0.7341034156270325
0.7341034156270325
0.6999256752897054
0.6999256752897054
0.6999256752897054
0.6999256752897054
0.6999256752897054
0.6999256752897054
0.6927880388684571
0.6927880388684571
0.6927880388684571
0.6927880388684571
0.6927880388684571
0.6927880388684571
0.6927880388684571
0.6927880388684571
0.6927880388684571
0.6927880388684571
0.6927880388684571
0.6927880388684571
0.6927880388684571
0.6927880388684571
0.6927880388684571
0.6927880388684571
0.6927880388684571
0.6927880388684571
0.6927880388684571
0.6927880388684571
0.6927880388684571
0.6927880388684571
0.6927880388684571
0.6927880388684571
0.6927880388684571
0.6927880388684571
0.6927880388684571
0.6927880388684571
0.6927880388684571
0.6927880388684571
0.6927880388684571
0.6927880388684571
0.6927880388684571
0.5769618888152763
0.5769618888152763
0.5769618888152763
0.5769618888152763
0.5769618888152763
0.5769618888152763
0.5769618888152763
0.5769618888152763
0.5769618888152763
0.5769618888152763
0.5769618888152763
0.5769618888152763
0.5769618888152763
0.5769618888152763
0.5769618888152763
0.5769618888152763
0.5769618888152763
0.5769618888152763
0.5769618888152763
0.5769618888152763
0.5769618888152763
0.5769618888152763
0.5769618888152763
0.5769618888152763
0.5769618888152763
0.5769618888152763
0.5769618888152763
0.5769618888152763
0.5769618888152763
0.5769618888152763
0.5769618888152763
0.5769618888152763
0.5769618888152763
0.5769618888152763
0.5769618888152763
0.5769618888152763
0.5769618888152763
0.5769618888152763
0.5769618888152763
0.5769618888152763
0.5769618888152763
0.5769618888152763
0.5769618888152763
0.5769618888152763
0.5769618888152763
0.5769618888152763
0.5769618888152763
0.5769618888152763
