0.6194680973421782
0.6194680973421782
0.6194680973421782
0.6194680973421782
0.6194680973421782
0.6194680973421782
0.6194680973421782
0.6194680973421782
0.6194680973421782
0.6194680973421782
0.6194680973421782
0.6194680973421782
0.6194680973421782
0.6194680973421782
0.6194680973421782
0.6194680973421782
0.6194680973421782
0.6194680973421782
0.6194680973421782
0.6194680973421782
0.6194680973421782
0.6194680973421782
0.6194680973421782
0.6194680973421782
0.6194680973421782
0.6194680973421782
0.6194680973421782
0.6194680973421782
0.6194680973421782
0.6194680973421782
0.5712235317914747
0.5712235317914747
0.5712235317914747
0.5712235317914747
0.5712235317914747
0.5712235317914747
0.5712235317914747
0.5712235317914747
0.5712235317914747
0.5712235317914747
0.5712235317914747
0.5712235317914747
0.5712235317914747
0.5712235317914747
0.5712235317914747
0.5137423334817868
0.5137423334817868
0.5137423334817868
0.5137423334817868
0.5137423334817868
0.5137423334817868
0.5137423334817868
0.5137423334817868
0.5137423334817868
0.5137423334817868
0.5137423334817868
0.5137423334817868
0.5137423334817868
0.5137423334817868
0.5137423334817868
0.5137423334817868
0.5137423334817868
0.5137423334817868
0.5137423334817868
0.5137423334817868
0.5137423334817868
0.5137423334817868
0.5137423334817868
0.5137423334817868
0.5137423334817868
0.5137423334817868
0.5137423334817868
0.5137423334817868
0.5137423334817868
0.5137423334817868
0.5137423334817868
0.5137423334817868
0.5137423334817868
0.5137423334817868
0.5137423334817868
0.5137423334817868
0.5137423334817868
0.5137423334817868
0.5137423334817868
0.5137423334817868
0.5137423334817868
0.5137423334817868
0.5137423334817868
0.5137423334817868
0.5137423334817868
0.5137423334817868
0.5137423334817868
0.5137423334817868
0.5137423334817868
0.5137423334817868
0.5137423334817868
0.5137423334817868
0.5137423334817868
0.5137423334817868
0.5137423334817868
