0.6030587997229304
0.6030587997229304
0.6030587997229304
0.6030587997229304
0.6030587997229304
0.6030587997229304
0.6030587997229304
0.6030587997229304
0.6030587997229304
0.6030587997229304
0.6030587997229304
0.6030587997229304
0.6030587997229304
0.6030587997229304
0.6030587997229304
0.6030587997229304
0.6030587997229304
0.6030587997229304
0.6030587997229304
0.6030587997229304
0.6030587997229304
0.6030587997229304
0.6030587997229304
0.6030587997229304
0.6030587997229304
0.6030587997229304
0.6030587997229304
0.6030587997229304
0.6030587997229304
0.6030587997229304
0.6030587997229304
0.6030587997229304
0.6030587997229304
0.3170632623368874
0.3170632623368874
0.3170632623368874
0.3170632623368874
0.3170632623368874
0.3170632623368874
0.3170632623368874
0.3170632623368874
0.3170632623368874
0.3170632623368874
0.3170632623368874
0.3170632623368874
0.3170632623368874
0.3170632623368874
0.3170632623368874
0.3170632623368874
0.3170632623368874
0.3170632623368874
0.3170632623368874
0.3170632623368874
0.3170632623368874
0.3170632623368874
0.3170632623368874
0.3170632623368874
0.3170632623368874
0.3170632623368874
0.3170632623368874
0.3170632623368874
0.3170632623368874
0.3170632623368874
0.3170632623368874
0.3170632623368874
0.3170632623368874
0.3170632623368874
0.3170632623368874
0.3170632623368874
0.3170632623368874
0.3170632623368874
0.3170632623368874
0.3170632623368874
0.3170632623368874
0.3170632623368874
0.3170632623368874
0.3170632623368874
0.3170632623368874
0.3170632623368874
0.3170632623368874
0.3170632623368874
0.3170632623368874
0.3170632623368874
0.3170632623368874
0.3170632623368874
0.3170632623368874
0.3170632623368874
0.3170632623368874
0.3170632623368874
0.3170632623368874
0.3170632623368874
0.3170632623368874
0.3170632623368874
0.3170632623368874
0.3170632623368874
0.3170632623368874
0.3170632623368874
0.3170632623368874
0.3170632623368874
0.3170632623368874
