0.6478342621121556
0.6478342621121556
0.6478342621121556
0.6478342621121556
0.6478342621121556
0.6478342621121556
0.6478342621121556
0.6478342621121556
0.6478342621121556
0.6478342621121556
0.6478342621121556
0.6478342621121556
0.6478342621121556
0.6478342621121556
0.6478342621121556
0.6478342621121556
0.6478342621121556
0.6478342621121556
0.6478342621121556
0.58320871568867
0.58320871568867
0.58320871568867
0.58320871568867
0.58320871568867
0.58320871568867
0.58320871568867
0.58320871568867
0.58320871568867
0.58320871568867
0.58320871568867
0.58320871568867
0.58320871568867
0.58320871568867
0.58320871568867
0.58320871568867
0.58320871568867
0.58320871568867
0.58320871568867
0.58320871568867
0.58320871568867
0.58320871568867
0.58320871568867
0.58320871568867
0.58320871568867
0.58320871568867
0.58320871568867
0.58320871568867
0.58320871568867
0.58320871568867
0.58320871568867
0.58320871568867
0.58320871568867
0.58320871568867
0.58320871568867
0.58320871568867
0.58320871568867
0.58320871568867
0.58320871568867
0.58320871568867
0.58320871568867
0.58320871568867
0.58320871568867
0.58320871568867
0.58320871568867
0.58320871568867
0.58320871568867
0.58320871568867
0.58320871568867
0.58320871568867
0.58320871568867
0.58320871568867
0.58320871568867
0.58320871568867
0.58320871568867
0.58320871568867
0.58320871568867
0.58320871568867
0.58320871568867
0.58320871568867
0.58320871568867
0.58320871568867
0.58320871568867
0.58320871568867
0.58320871568867
0.58320871568867
0.58320871568867
0.58320871568867
0.58320871568867
0.58320871568867
0.58320871568867
0.58320871568867
0.58320871568867
0.58320871568867
0.58320871568867
0.58320871568867
0.58320871568867
0.58320871568867
0.58320871568867
0.58320871568867
0.58320871568867
