0.708616923308
0.708616923308
0.708616923308
0.708616923308
0.708616923308
0.708616923308
0.708616923308
0.708616923308
0.708616923308
0.708616923308
0.708616923308
0.708616923308
0.708616923308
0.708616923308
0.708616923308
0.708616923308
0.708616923308
0.708616923308
0.708616923308
0.708616923308
0.708616923308
0.708616923308
0.708616923308
0.708616923308
0.708616923308
0.708616923308
0.708616923308
0.708616923308
0.708616923308
0.708616923308
0.708616923308
0.708616923308
0.708616923308
0.4766319692134857
0.4766319692134857
0.4766319692134857
0.4766319692134857
0.4766319692134857
0.4766319692134857
0.4766319692134857
0.4766319692134857
0.4766319692134857
0.4766319692134857
0.4766319692134857
0.4766319692134857
0.4766319692134857
0.4766319692134857
0.4766319692134857
0.4766319692134857
0.4766319692134857
0.4766319692134857
0.4766319692134857
0.4766319692134857
0.4766319692134857
0.4766319692134857
0.4766319692134857
0.4766319692134857
0.4766319692134857
0.4766319692134857
0.4766319692134857
0.4766319692134857
0.4766319692134857
0.4766319692134857
0.4766319692134857
0.4766319692134857
0.4766319692134857
0.4766319692134857
0.4766319692134857
0.4766319692134857
0.4766319692134857
0.4766319692134857
0.4766319692134857
0.4766319692134857
0.4766319692134857
0.4766319692134857
0.4766319692134857
0.4766319692134857
0.4766319692134857
0.4766319692134857
0.4766319692134857
0.4766319692134857
0.4766319692134857
0.4766319692134857
0.4766319692134857
0.4766319692134857
0.4766319692134857
0.4766319692134857
0.4766319692134857
0.4766319692134857
0.4766319692134857
0.4766319692134857
0.4766319692134857
0.4766319692134857
0.4766319692134857
0.4766319692134857
0.4766319692134857
0.4766319692134857
0.4766319692134857
0.4766319692134857
0.4766319692134857
