0.5941868703812361
0.5452151682693511
0.5452151682693511
0.5452151682693511
0.5452151682693511
0.5452151682693511
0.5452151682693511
0.5452151682693511
0.5452151682693511
0.5452151682693511
0.5452151682693511
0.39516608510166407
0.3807693375274539
0.3690310828387737
0.28898819582536817
0.28898819582536817
0.28898819582536817
0.28898819582536817
0.28898819582536817
0.28898819582536817
0.28898819582536817
0.28898819582536817
0.28898819582536817
0.28898819582536817
0.28898819582536817
0.28898819582536817
0.28898819582536817
0.28898819582536817
0.28898819582536817
0.28898819582536817
0.28898819582536817
0.28898819582536817
0.28898819582536817
0.28898819582536817
0.28898819582536817
0.28898819582536817
0.28898819582536817
0.28898819582536817
0.28898819582536817
0.28898819582536817
0.28898819582536817
0.28898819582536817
0.28898819582536817
0.28898819582536817
0.28898819582536817
0.28898819582536817
0.28898819582536817
0.28898819582536817
0.28898819582536817
0.28898819582536817
0.28898819582536817
0.28898819582536817
0.28898819582536817
0.28898819582536817
0.28898819582536817
0.28898819582536817
0.28898819582536817
0.28898819582536817
0.28898819582536817
0.28898819582536817
0.28898819582536817
0.28898819582536817
0.28898819582536817
0.28898819582536817
0.28898819582536817
0.28898819582536817
0.28898819582536817
0.28898819582536817
0.28898819582536817
0.28898819582536817
0.28898819582536817
0.28898819582536817
0.28898819582536817
0.28898819582536817
0.28898819582536817
0.28898819582536817
0.28898819582536817
0.28898819582536817
0.28898819582536817
0.28898819582536817
0.28898819582536817
0.28898819582536817
0.28898819582536817
0.28898819582536817
0.28898819582536817
0.28898819582536817
0.28898819582536817
0.28898819582536817
0.28898819582536817
0.28898819582536817
0.28898819582536817
0.28898819582536817
0.28898819582536817
0.28898819582536817
0.28898819582536817
0.28898819582536817
0.28898819582536817
0.28898819582536817
0.28898819582536817
0.28898819582536817
