0.8156533096916974
0.8156533096916974
0.8156533096916974
0.8156533096916974
0.8156533096916974
0.8156533096916974
0.8156533096916974
0.8156533096916974
0.7909731683321297
0.7909731683321297
0.7909731683321297
0.7909731683321297
0.7909731683321297
0.7829030733555555
0.7829030733555555
0.7829030733555555
0.7829030733555555
0.7829030733555555
0.7829030733555555
0.7685333262197673
0.673515094909817
0.673515094909817
0.6489643813110888
0.6457365236710757
0.6190675012767315
0.6183899492025375
0.6183899492025375
0.5993137275800109
0.5699540511704981
0.545329442829825
0.545329442829825
0.545329442829825
0.5329653159715235
0.5329653159715235
0.5281218308373354
0.48238475201651454
0.46731360210105777
0.4539807322435081
0.4539807322435081
0.43945961238932796
0.42649709321995033
0.4233536117244512
0.41320683574303985
0.4003904717974365
0.3673733873292804
0.3673733873292804
0.3673733873292804
0.3673733873292804
0.36085176933556795
0.3158222873462364
0.3158222873462364
0.3158222873462364
0.3158222873462364
0.31489679031074047
0.31489679031074047
0.3076781630516052
0.26478644413873553
0.26478644413873553
0.26478644413873553
0.261465208575828
0.25821089604869485
0.2271291852230206
0.2271291852230206
0.2173305826727301
0.21327033176203258
0.20089973066933453
0.20089973066933453
0.19393340684473515
0.1886942795244977
0.1886942795244977
0.1886942795244977
0.1886942795244977
0.18765081721358
0.16864872549194843
0.16864872549194843
0.11189209693111479
0.11189209693111479
0.11189209693111479
0.10730346889613429
0.10730346889613429
0.10730346889613429
0.10730346889613429
0.10643649150733836
0.0959053651895374
0.09566197323147207
0.09566197323147207
0.0929422453045845
0.08527159877849044
0.052430426760111004
0.052430426760111004
0.052430426760111004
0.052430426760111004
0.052430426760111004
0.052430426760111004
0.052430426760111004
0.052430426760111004
0.052430426760111004
0.05118244010373019
0.05118244010373019
0.05118244010373019
