0.5577278004493564
0.5577278004493564
0.5547145620221272
0.5547145620221272
0.5316802773158997
0.5012663179077208
0.4642565998947248
0.4642565998947248
0.42804567888379097
0.42804567888379097
0.42804567888379097
0.42804567888379097
0.42804567888379097
0.42804567888379097
0.42804567888379097
0.42804567888379097
0.42804567888379097
0.4127347539179027
0.4127347539179027
0.4127347539179027
0.4022423564456403
0.35479778081935365
0.35479778081935365
0.3019445026293397
0.3019445026293397
0.3019445026293397
0.301655035931617
0.301655035931617
0.301655035931617
0.2851277277804911
0.2851277277804911
0.28464552969671786
0.26014875806868076
0.26014875806868076
0.21190656430553645
0.21190656430553645
0.21190656430553645
0.21190656430553645
0.21190656430553645
0.21190656430553645
0.19397079592454247
0.19397079592454247
0.19397079592454247
0.19397079592454247
0.1717335677240044
0.1717335677240044
0.1717335677240044
0.12552579934708774
0.1096042396966368
0.0961152093950659
0.0961152093950659
0.0961152093950659
0.0885362665867433
0.08708680211566389
0.08708680211566389
0.08708680211566389
0.0753769387374632
0.0753769387374632
0.0753769387374632
0.0753769387374632
0.0753769387374632
0.0753769387374632
0.0753769387374632
0.0753769387374632
0.0753769387374632
0.0753769387374632
0.0753769387374632
0.0753769387374632
0.0753769387374632
0.0753769387374632
0.0753769387374632
0.0753769387374632
0.0753769387374632
0.0753769387374632
0.0753769387374632
0.0753769387374632
0.0753769387374632
0.0753769387374632
0.0753769387374632
0.0753769387374632
0.0753769387374632
0.0753769387374632
0.0753769387374632
0.0753769387374632
0.0753769387374632
0.0753769387374632
0.0753769387374632
0.0753769387374632
0.0753769387374632
0.0753769387374632
0.0753769387374632
0.0753769387374632
0.0753769387374632
0.0753769387374632
0.0753769387374632
0.0753769387374632
0.07499211188405752
0.07499211188405752
0.07499211188405752
0.07499211188405752
