0.7848743093200028
0.7848743093200028
0.7848743093200028
0.7848743093200028
0.7848743093200028
0.7848743093200028
0.7848743093200028
0.7848743093200028
0.7076929830946028
0.7076929830946028
0.7076929830946028
0.7076929830946028
0.7076929830946028
0.7076929830946028
0.7076929830946028
0.7076929830946028
0.7076929830946028
0.7076929830946028
0.7076929830946028
0.7076929830946028
0.7076929830946028
0.7076929830946028
0.7076929830946028
0.7076929830946028
0.7076929830946028
0.7076929830946028
0.7076929830946028
0.7076929830946028
0.6948671274585649
0.6948671274585649
0.652134781004861
0.652134781004861
0.596699864603579
0.596699864603579
0.596699864603579
0.596699864603579
0.5579790882766247
0.5579790882766247
0.5579790882766247
0.5579790882766247
0.461882317205891
0.4369102328782901
0.4369102328782901
0.4369102328782901
0.4369102328782901
0.4369102328782901
0.4369102328782901
0.3719773213379085
0.3719773213379085
0.3719773213379085
0.3719773213379085
0.3719773213379085
0.3719773213379085
0.3719773213379085
0.3719773213379085
0.3719773213379085
0.3719773213379085
0.3719773213379085
0.3719773213379085
0.33669361658394337
0.33669361658394337
0.24391767382621765
0.24391767382621765
0.24391767382621765
0.24391767382621765
0.21785038337111473
0.21785038337111473
0.21785038337111473
0.21785038337111473
0.21785038337111473
0.21785038337111473
0.21785038337111473
0.21785038337111473
0.21785038337111473
0.21785038337111473
0.21785038337111473
0.21785038337111473
0.19758652430027723
0.19758652430027723
0.15133324498310685
0.15133324498310685
0.12892325408756733
0.08687050081789494
0.08687050081789494
0.08687050081789494
0.08687050081789494
0.08687050081789494
0.08687050081789494
0.08687050081789494
0.08687050081789494
0.08687050081789494
0.08687050081789494
0.08687050081789494
0.08687050081789494
0.08687050081789494
0.08687050081789494
0.08687050081789494
0.08687050081789494
0.06914892047643661
0.06914892047643661
