0.7437436323234579
0.6529074627906084
0.6529074627906084
0.6529074627906084
0.6529074627906084
0.6529074627906084
0.6529074627906084
0.6529074627906084
0.4659453062340617
0.4659453062340617
0.4659453062340617
0.4659453062340617
0.4659453062340617
0.4659453062340617
0.4659453062340617
0.4659453062340617
0.4659453062340617
0.4659453062340617
0.4659453062340617
0.4659453062340617
0.4659453062340617
0.4659453062340617
0.45692571997642517
0.45692571997642517
0.45692571997642517
0.45692571997642517
0.45692571997642517
0.45692571997642517
0.45692571997642517
0.45692571997642517
0.45692571997642517
0.45692571997642517
0.45692571997642517
0.45692571997642517
0.45692571997642517
0.45692571997642517
0.45692571997642517
0.45692571997642517
0.45692571997642517
0.45692571997642517
0.45692571997642517
0.45692571997642517
0.45692571997642517
0.45692571997642517
0.45692571997642517
0.45692571997642517
0.45692571997642517
0.45692571997642517
0.45692571997642517
0.45692571997642517
0.45692571997642517
0.45692571997642517
0.45692571997642517
0.45692571997642517
0.45692571997642517
0.45692571997642517
0.45692571997642517
0.45692571997642517
0.45692571997642517
0.45692571997642517
0.45692571997642517
0.45692571997642517
0.45692571997642517
0.45692571997642517
0.45692571997642517
0.45692571997642517
0.45692571997642517
0.45692571997642517
0.45692571997642517
0.45692571997642517
0.45692571997642517
0.45692571997642517
0.45692571997642517
0.45692571997642517
0.45692571997642517
0.45692571997642517
0.3264345205388963
0.3264345205388963
0.3264345205388963
0.3264345205388963
0.3264345205388963
0.3264345205388963
0.3264345205388963
0.3264345205388963
0.3264345205388963
0.3264345205388963
0.3264345205388963
0.3264345205388963
0.3264345205388963
0.3264345205388963
0.3264345205388963
0.3264345205388963
0.3264345205388963
0.3264345205388963
0.3264345205388963
0.3264345205388963
0.3264345205388963
0.3264345205388963
0.3264345205388963
0.3264345205388963
