0.7956350711174309
0.7956350711174309
0.7956350711174309
0.7739787851460278
0.7739787851460278
0.7739787851460278
0.7739787851460278
0.7739787851460278
0.7739787851460278
0.7739787851460278
0.7739787851460278
0.7739787851460278
0.7739787851460278
0.7739787851460278
0.7678279094398022
0.7678279094398022
0.7248724950477481
0.7248724950477481
0.7248724950477481
0.7248724950477481
0.710740870796144
0.710740870796144
0.661515437066555
0.661515437066555
0.6181860007345676
0.6181860007345676
0.6092405524104834
0.5915018627420068
0.5915018627420068
0.5907220461522229
0.5736994985491037
0.551686282735318
0.551686282735318
0.5401686661643907
0.5365287163294852
0.5365287163294852
0.5251343784620985
0.5086651407182217
0.5086651407182217
0.43932674918323755
0.43932674918323755
0.43932674918323755
0.43776217522099614
0.4336773385293782
0.4319317974150181
0.40550985955633223
0.40550985955633223
0.40144807362230495
0.4003308017272502
0.3960588106419891
0.39043299201875925
0.3832454767471063
0.3342777490615845
0.3342777490615845
0.33257937245070934
0.28966394579038024
0.28966394579038024
0.28966394579038024
0.28966394579038024
0.28966394579038024
0.2808072166517377
0.2808072166517377
0.2808072166517377
0.27712121047079563
0.27251995040569454
0.23299214849248528
0.23299214849248528
0.23299214849248528
0.23299214849248528
0.1920712128339801
0.1920712128339801
0.1920712128339801
0.18437125580385327
0.17754733050242066
0.17754733050242066
0.17754733050242066
0.169487749109976
0.16865994117688388
0.14643910602899268
0.14643910602899268
0.1428647276479751
0.11445098102558404
0.11069382965797558
0.11069382965797558
0.11069382965797558
0.09946273767855018
0.09946273767855018
0.076676418306306
0.076676418306306
0.076676418306306
0.076676418306306
0.076676418306306
0.076676418306306
0.07440786476945505
0.07440786476945505
0.07440786476945505
0.03134556912118569
0.03134556912118569
0.03134556912118569
0.03134556912118569
