0.8431824159342796
0.8266989421099424
0.8266989421099424
0.8266989421099424
0.8042309019365348
0.8027642442029901
0.7948842579498887
0.7948842579498887
0.7948842579498887
0.7570044599706307
0.7570044599706307
0.7570044599706307
0.7354745324701071
0.7354745324701071
0.7354745324701071
0.7354745324701071
0.7354745324701071
0.7354745324701071
0.7354745324701071
0.7354745324701071
0.7354745324701071
0.7354745324701071
0.7354745324701071
0.7354745324701071
0.7237141504883766
0.7237141504883766
0.6892517460510135
0.6892517460510135
0.6110533243045211
0.6110533243045211
0.5953637243947014
0.5953637243947014
0.5953637243947014
0.5953637243947014
0.5953637243947014
0.5770920930663124
0.5770920930663124
0.5686448672786355
0.5686448672786355
0.5686448672786355
0.5686448672786355
0.5686448672786355
0.5130571799818426
0.5130571799818426
0.49232777021825314
0.49232777021825314
0.4793608922045678
0.4793608922045678
0.4793608922045678
0.4793608922045678
0.4793608922045678
0.4387948256917298
0.4387948256917298
0.4194435612298548
0.4194435612298548
0.4194435612298548
0.4194435612298548
0.4194435612298548
0.4194435612298548
0.40644091460853815
0.37065325444564223
0.34290506783872843
0.34290506783872843
0.34290506783872843
0.34290506783872843
0.34290506783872843
0.34253905713558197
0.34253905713558197
0.33754873083671555
0.3003778923302889
0.3003778923302889
0.3003778923302889
0.3003778923302889
0.28077543154358864
0.28077543154358864
0.22458653093781322
0.22458653093781322
0.22458653093781322
0.22458653093781322
0.22458653093781322
0.22458653093781322
0.20857310440624133
0.20857310440624133
0.20857310440624133
0.20857310440624133
0.20857310440624133
0.20857310440624133
0.20857310440624133
0.20857310440624133
0.20857310440624133
0.20857310440624133
0.20857310440624133
0.20413183979690075
0.20413183979690075
0.13379556860309094
0.13379556860309094
0.13379556860309094
0.13379556860309094
0.13379556860309094
0.13379556860309094
