0.7656457447446883
0.7656457447446883
0.7656457447446883
0.7230202006176114
0.7230202006176114
0.6077629020437598
0.5354102030396461
0.4478658770676702
0.3833193453028798
0.3833193453028798
0.3833193453028798
0.3833193453028798
0.3833193453028798
0.3833193453028798
0.3833193453028798
0.3833193453028798
0.3833193453028798
0.3833193453028798
0.3833193453028798
0.3833193453028798
0.3833193453028798
0.3833193453028798
0.3833193453028798
0.3833193453028798
0.3833193453028798
0.3833193453028798
0.3833193453028798
0.3833193453028798
0.3833193453028798
0.3833193453028798
0.3833193453028798
0.3833193453028798
0.3833193453028798
0.3833193453028798
0.3833193453028798
0.3833193453028798
0.3833193453028798
0.3833193453028798
0.3833193453028798
0.3833193453028798
0.3833193453028798
0.3833193453028798
0.3755162593006389
0.3755162593006389
0.3755162593006389
0.3755162593006389
0.3755162593006389
0.3755162593006389
0.3755162593006389
0.3755162593006389
0.3755162593006389
0.3755162593006389
0.3755162593006389
0.3755162593006389
0.29179372984799556
0.29179372984799556
0.29179372984799556
0.29179372984799556
0.29179372984799556
0.29179372984799556
0.29179372984799556
0.29179372984799556
0.29179372984799556
0.29179372984799556
0.29179372984799556
0.29179372984799556
0.29179372984799556
0.29179372984799556
0.29179372984799556
0.29179372984799556
0.29179372984799556
0.29179372984799556
0.21514924406073987
0.21514924406073987
0.21514924406073987
0.21514924406073987
0.21514924406073987
0.21514924406073987
0.21514924406073987
0.21514924406073987
0.21514924406073987
0.21514924406073987
0.21514924406073987
0.21514924406073987
0.21514924406073987
0.21514924406073987
0.21514924406073987
0.21514924406073987
0.21514924406073987
0.21514924406073987
0.21514924406073987
0.21514924406073987
0.21514924406073987
0.21514924406073987
0.21514924406073987
0.21514924406073987
0.21514924406073987
0.21514924406073987
0.21514924406073987
0.21514924406073987
