0.6013025937718339
0.6013025937718339
0.6013025937718339
0.5713982896413654
0.5525446310639381
0.5525446310639381
0.5525446310639381
0.5525446310639381
0.4983443249948323
0.4983443249948323
0.4983443249948323
0.4983443249948323
0.4983443249948323
0.4846229259856045
0.4846229259856045
0.4846229259856045
0.4846229259856045
0.4846229259856045
0.4846229259856045
0.4846229259856045
0.43539800867438316
0.43539800867438316
0.43539800867438316
0.37604917120188475
0.37604917120188475
0.37604917120188475
0.37604917120188475
0.37383317688363604
0.3504926720634103
0.32845231238752604
0.32845231238752604
0.32228644014685415
0.32228644014685415
0.32228644014685415
0.2442917536245659
0.2442917536245659
0.2442917536245659
0.2360924871682073
0.2360924871682073
0.2360924871682073
0.20548927376512438
0.19762010965496302
0.19762010965496302
0.19762010965496302
0.1852668060164433
0.15865602006670088
0.15865602006670088
0.15865602006670088
0.15865602006670088
0.14667038735933602
0.14667038735933602
0.14667038735933602
0.14667038735933602
0.14667038735933602
0.14222040766617283
0.14222040766617283
0.14222040766617283
0.14222040766617283
0.14222040766617283
0.14222040766617283
0.13483214448206127
0.052965184673666954
0.052965184673666954
0.052965184673666954
0.052965184673666954
0.052965184673666954
0.052965184673666954
0.052965184673666954
0.052965184673666954
0.052965184673666954
0.052965184673666954
0.052965184673666954
0.052965184673666954
0.052965184673666954
0.052965184673666954
0.052965184673666954
0.052965184673666954
0.052965184673666954
0.052965184673666954
0.052965184673666954
0.052965184673666954
0.052965184673666954
0.052965184673666954
0.052965184673666954
0.052965184673666954
0.052965184673666954
0.052965184673666954
0.052965184673666954
0.052965184673666954
0.052965184673666954
0.052965184673666954
0.052965184673666954
0.052965184673666954
0.052965184673666954
0.052965184673666954
0.052965184673666954
0.052965184673666954
0.052965184673666954
0.052965184673666954
0.052965184673666954
