0.8789626378566027
0.7845568573102355
0.783245138823986
0.783245138823986
0.783245138823986
0.6828062841668725
0.6216493276879191
0.5586949647404253
0.5586949647404253
0.5239016346167773
0.32249995636811946
0.17547717411071062
0.17547717411071062
0.17547717411071062
0.17547717411071062
0.17547717411071062
0.17547717411071062
0.17547717411071062
0.17547717411071062
0.17547717411071062
0.17547717411071062
0.17547717411071062
0.17547717411071062
0.17547717411071062
0.17547717411071062
0.17547717411071062
0.17547717411071062
0.17547717411071062
0.17547717411071062
0.17547717411071062
0.17547717411071062
0.17547717411071062
0.17547717411071062
0.17547717411071062
0.17547717411071062
0.17547717411071062
0.17547717411071062
0.17547717411071062
0.17547717411071062
0.17547717411071062
0.17547717411071062
0.17547717411071062
0.17547717411071062
0.17547717411071062
0.17547717411071062
0.17547717411071062
0.17547717411071062
0.17547717411071062
0.08619673567591235
0.08619673567591235
0.08619673567591235
0.08619673567591235
0.08619673567591235
0.08619673567591235
0.08619673567591235
0.08619673567591235
0.08619673567591235
0.08619673567591235
0.08619673567591235
0.08619673567591235
0.08619673567591235
0.08619673567591235
0.08619673567591235
0.08619673567591235
0.08619673567591235
0.08619673567591235
0.08619673567591235
0.08619673567591235
0.08619673567591235
0.08619673567591235
0.08619673567591235
0.08619673567591235
0.08619673567591235
0.08619673567591235
0.08619673567591235
0.08619673567591235
0.08619673567591235
0.08619673567591235
0.08619673567591235
0.08619673567591235
0.08619673567591235
0.08619673567591235
0.08619673567591235
0.08619673567591235
0.08619673567591235
0.08619673567591235
0.08619673567591235
0.08619673567591235
0.08619673567591235
0.08619673567591235
0.08619673567591235
0.08619673567591235
0.08619673567591235
0.08619673567591235
0.08619673567591235
0.08619673567591235
0.08619673567591235
0.08619673567591235
0.08619673567591235
0.08619673567591235
