56.25
37.5
37.5
37.5
37.5
37.5
37.5
37.5
37.5
37.5
37.5
37.5
37.5
37.5
37.5
37.5
37.5
37.5
37.5
31.25
31.25
31.25
31.25
31.25
31.25
31.25
31.25
31.25
31.25
31.25
31.25
31.25
31.25
31.25
31.25
31.25
31.25
31.25
31.25
31.25
31.25
31.25
31.25
31.25
31.25
31.25
31.25
31.25
31.25
31.25
31.25
31.25
31.25
31.25
31.25
31.25
31.25
31.25
31.25
25.0
25.0
25.0
25.0
25.0
25.0
25.0
25.0
25.0
25.0
25.0
25.0
25.0
25.0
25.0
25.0
25.0
25.0
25.0
25.0
25.0
25.0
25.0
25.0
25.0
25.0
25.0
25.0
25.0
25.0
25.0
25.0
25.0
25.0
25.0
25.0
25.0
25.0
25.0
25.0
25.0
