31.25
31.25
31.25
31.25
18.75
18.75
18.75
18.75
18.75
18.75
18.75
18.75
18.75
18.75
18.75
18.75
18.75
18.75
18.75
18.75
18.75
18.75
18.75
18.75
18.75
18.75
18.75
18.75
18.75
18.75
18.75
18.75
18.75
18.75
18.75
18.75
18.75
18.75
18.75
18.75
18.75
18.75
18.75
18.75
18.75
18.75
18.75
18.75
18.75
18.75
18.75
18.75
18.75
18.75
18.75
18.75
18.75
18.75
18.75
18.75
18.75
18.75
18.75
18.75
18.75
18.75
18.75
18.75
18.75
18.75
18.75
18.75
18.75
18.75
18.75
18.75
18.75
18.75
18.75
18.75
18.75
18.75
18.75
18.75
18.75
18.75
18.75
18.75
18.75
18.75
18.75
18.75
18.75
18.75
18.75
18.75
18.75
18.75
18.75
18.75
