31.25
31.25
31.25
31.25
31.25
31.25
31.25
31.25
31.25
31.25
31.25
31.25
31.25
31.25
31.25
31.25
31.25
31.25
31.25
31.25
31.25
31.25
31.25
31.25
31.25
31.25
31.25
31.25
25.0
25.0
25.0
25.0
25.0
18.75
18.75
18.75
18.75
18.75
18.75
18.75
18.75
18.75
18.75
18.75
18.75
18.75
18.75
18.75
18.75
18.75
18.75
18.75
18.75
18.75
18.75
18.75
18.75
18.75
18.75
18.75
18.75
18.75
18.75
18.75
18.75
18.75
18.75
18.75
18.75
18.75
18.75
18.75
18.75
18.75
18.75
18.75
18.75
18.75
18.75
18.75
18.75
18.75
18.75
18.75
18.75
18.75
18.75
18.75
18.75
18.75
18.75
18.75
18.75
18.75
18.75
18.75
18.75
18.75
18.75
18.75
