0.640569781884551
0.6405555994715542
0.6398581913672388
0.6398581913672388
0.6398581913672388
0.6398581913672388
0.6398581913672388
0.6398581913672388
0.6398581913672388
0.6398581913672388
0.6240598848089576
0.5964301880449057
0.5766126196831465
0.5673485929146409
0.557393990457058
0.5476954546757042
0.5476954546757042
0.5475282659754157
0.5467883199453354
0.5467883199453354
0.5451984847895801
0.5451984847895801
0.49616626859642565
0.4851884318049997
0.4823568225838244
0.4798387745395303
0.47727464931085706
0.4646038506180048
0.45164770663541276
0.4508035465842113
0.45059278642293066
0.4439029845816549
0.41791466530412436
0.3857836981769651
0.37737099453806877
0.374884349439526
0.3723674068751279
0.3636333029717207
0.35370610625250265
0.3221105050179176
0.3191251785028726
0.3160928284050897
0.3024405196774751
0.29265300260158256
0.28897996165324
0.2822462890762836
0.265313899028115
0.265313899028115
0.2650123748462647
0.2649795571924187
0.2649795571924187
0.2648598513333127
0.2644183251541108
0.25435047247447073
0.24327767547219992
0.24056668998673558
0.23440364934504032
0.23440364934504032
0.18486867484170943
0.14081044541671872
0.10781961749307811
0.0924369441345334
0.08857968624215573
0.08781139610800892
0.08647340693732986
0.08252574782818556
0.07599295349791646
0.07593092857860029
0.07551020197570324
0.06930883310269564
0.06930883310269564
0.06399639107985422
0.04389884421834722
0.04389884421834722
0.04073355987202376
0.04073355987202376
0.04073355987202376
0.04073355987202376
0.03309206524863839
0.02203240990638733
0.02203240990638733
0.021995690651237965
0.021995690651237965
0.021726766601204872
0.01929427031427622
0.0190456744749099
0.01751262368634343
0.013934936374425888
0.013934936374425888
0.008712981623830274
0.008712981623830274
0.005060655414126813
0.00405134679749608
0.0013097509508952498
0.0
0.0
0.0
0.0
0.0
0.0
