0.5433173152850941
0.5266398629173636
0.5209055948071182
0.5209055948071182
0.51906693354249
0.51906693354249
0.5080020999885164
0.5080020999885164
0.5080020999885164
0.4984253430739045
0.4984253430739045
0.4801717819646001
0.41512313205748796
0.3322856999002397
0.3137554842978716
0.3023458211682737
0.29409063793718815
0.29409063793718815
0.2665026821196079
0.26544464752078056
0.26544464752078056
0.18788660364225507
0.0865662896540016
0.026380284456536174
0.00408672820776701
0.0
0.0
0.0
0.0
0.0
0.0
0.0
0.0
0.0
0.0
0.0
0.0
0.0
0.0
0.0
0.0
0.0
0.0
0.0
0.0
0.0
0.0
0.0
0.0
0.0
0.0
0.0
0.0
0.0
0.0
0.0
0.0
0.0
0.0
0.0
0.0
0.0
0.0
0.0
0.0
0.0
0.0
0.0
0.0
0.0
0.0
0.0
0.0
0.0
0.0
0.0
0.0
0.0
0.0
0.0
0.0
0.0
0.0
0.0
0.0
0.0
0.0
0.0
0.0
0.0
0.0
0.0
0.0
0.0
0.0
0.0
0.0
0.0
0.0
0.0
