0.8818964085076004
0.8818964085076004
0.8818964085076004
0.8818964085076004
0.8646487812511623
0.8369842059910297
0.8335227994248271
0.8075118190608919
0.7911581171210855
0.7896480360068381
0.7859764378517866
0.699512624181807
0.6921734120696783
0.6887921020388603
0.6863811649382114
0.6860493663698435
0.6846029795706272
0.6846029795706272
0.6189228016883135
0.6075676865875721
0.5941095659509301
0.5789364082738757
0.576862707734108
0.576862707734108
0.574214830994606
0.5739798378199339
0.5739798378199339
0.5739690782502294
0.573955412954092
0.573925020173192
0.5727778319269419
0.5470447186380625
0.5470447186380625
0.5445776432752609
0.5409765711519867
0.5405363615136594
0.5405363615136594
0.4606490090955049
0.4569245638558641
0.4569245638558641
0.4449546281248331
0.44359881640411913
0.4359044060111046
0.43249195627868176
0.43249195627868176
0.4286304898560047
0.42021632567048073
0.42016125470399857
0.42016125470399857
0.38468087324872613
0.1099189498781925
0.03549808240495622
0.005667113582603633
0.0
0.0
0.0
0.0
0.0
0.0
0.0
0.0
0.0
0.0
0.0
0.0
0.0
0.0
0.0
0.0
0.0
0.0
0.0
0.0
0.0
0.0
0.0
0.0
0.0
0.0
0.0
0.0
0.0
0.0
0.0
0.0
0.0
0.0
0.0
0.0
0.0
0.0
0.0
0.0
0.0
0.0
0.0
0.0
0.0
0.0
0.0
