0.8276748440694064
0.7996987251681276
0.7996987251681276
0.7996987251681276
0.7996987251681276
0.7996987251681276
0.7996987251681276
0.7996987251681276
0.7996987251681276
0.7996987251681276
0.7996987251681276
0.7996987251681276
0.7996987251681276
0.7996987251681276
0.7996987251681276
0.7996987251681276
0.7996987251681276
0.7996987251681276
0.7996987251681276
0.7996987251681276
0.7996987251681276
0.7996987251681276
0.7996987251681276
0.7996987251681276
0.7996987251681276
0.7996987251681276
0.7996987251681276
0.7996987251681276
0.7996987251681276
0.7996987251681276
0.7996987251681276
0.7960829159710556
0.7580843832474784
0.7381755606911611
0.709716145938728
0.7032096477341838
0.695442954543978
0.6898934636265039
0.6895563267171383
0.6888974066823721
0.6882348638027906
0.6881604045629501
0.6881604045629501
0.686842730268836
0.6852287948131561
0.6849489100277424
0.6601397432386875
0.6460695815549116
0.6368527509330306
0.6365935020148754
0.6287858715513721
0.6287858715513721
0.6204334002359246
0.6163342730142176
0.6152087561786175
0.6152087561786175
0.6094786943867803
0.6042435616254807
0.6004543541930616
0.5992252938449383
0.5992252938449383
0.5960057931952178
0.5947948815301061
0.5936448923312128
0.5844073421321809
0.5772623452357948
0.5635086726397276
0.5401128723751754
0.5159060514997691
0.4974923375993967
0.4957853746600449
0.4957853746600449
0.49378461576998234
0.4937346135266125
0.4937346135266125
0.4705087156035006
0.41682114731520414
0.37794192088767886
0.3533709477633238
0.33990776422433555
0.3332919683016371
0.3308391959872097
0.329855612362735
0.31328971858602017
0.3089889958500862
0.3089889958500862
0.3089889958500862
0.30305553413927555
0.26510613434948027
0.25478119793115184
0.2515738924848847
0.2504773003747687
0.24709854868706316
0.2228714758530259
0.20535498054232448
0.19227711446001194
0.1864782626798842
0.1851086468086578
0.18309039063751698
0.17757932422682643
