0.7456677574664354
0.7167581971734762
0.6959843782678945
0.6762630515731871
0.6653400380164385
0.6592587875493336
0.6592587875493336
0.6340832931455225
0.6108402258250862
0.6023316294886172
0.5970710273832083
0.5970710273832083
0.5933196726255119
0.5844770243857056
0.5816595386713743
0.5816595386713743
0.5813355650752783
0.5813355650752783
0.5217889565974474
0.46924709691666067
0.4334826194681227
0.4061288619413972
0.3944101152010262
0.38883099635131657
0.38879966200329363
0.38701733690686524
0.38701733690686524
0.38701733690686524
0.3851368115283549
0.3713867049664259
0.36105992225930095
0.35239081527106464
0.351888292003423
0.351888292003423
0.3428536616265774
0.3326755715534091
0.33064388297498226
0.3099364317022264
0.2989562777802348
0.27214797865599394
0.2606125553138554
0.25570286251604557
0.25570286251604557
0.254117613658309
0.24535133875906467
0.23775593750178814
0.23419058788567781
0.23419058788567781
0.23232670687139034
0.22705728793516755
0.2257977081462741
0.22502992046065629
0.22502992046065629
0.21686370295356028
0.1464627841487527
0.08476879028603435
0.034779714784235694
0.005731150507926941
0.00042402834515087306
0.0
0.0
0.0
0.0
0.0
0.0
0.0
0.0
0.0
0.0
0.0
0.0
0.0
0.0
0.0
0.0
0.0
0.0
0.0
0.0
0.0
0.0
0.0
0.0
0.0
0.0
0.0
0.0
0.0
0.0
0.0
0.0
0.0
0.0
0.0
0.0
0.0
0.0
0.0
0.0
0.0
