0.8785991038894281
0.8651178880827501
0.8101301887072623
0.8101301887072623
0.8101301887072623
0.8033227408232051
0.8033227408232051
0.8033227408232051
0.8033227408232051
0.8033227408232051
0.8033227408232051
0.8033227408232051
0.8033227408232051
0.8033227408232051
0.7969676309730858
0.7949805695097893
0.7937519343104213
0.7892330246977508
0.7879846664145589
0.772414114093408
0.7703810408711433
0.7702510799281299
0.7698103748261929
0.7695415404159576
0.7687002720776945
0.7687002720776945
0.7678818928543478
0.7678818928543478
0.7647272197064012
0.7647272197064012
0.7647272197064012
0.7604715027846396
0.7604715027846396
0.7431821208447218
0.7165462835691869
0.7019055315759033
0.6925631305202842
0.6894172867760062
0.6894172867760062
0.685709212673828
0.685709212673828
0.6793559467187151
0.6738603956764564
0.6687981211580336
0.6636213764431886
0.6589777549961582
0.6589777549961582
0.6572748515172862
0.6572602475062013
0.6572602475062013
0.6404842240735888
0.627540173009038
0.6262318314984441
0.6253560036420822
0.6239332994446158
0.6072782855044352
0.6040392164286459
0.6030188252043445
0.6006486228434369
0.600468156975694
0.5953346614260226
0.5943141391035169
0.5825672966893762
0.5413297280720144
0.5142849050462246
0.4999138074927032
0.4903625494334847
0.4903625494334847
0.4903500870568678
0.4901147225755267
0.4901147225755267
0.4824759158946108
0.4753948478028178
0.47529731411486864
0.4748684773221612
0.47473006788641214
0.46872844733297825
0.4543485250324011
0.45363806560635567
0.4388220850378275
0.4335640035569668
0.431480174209355
0.431480174209355
0.41326506715267897
0.39297410112340003
0.39148790354374796
0.38868721784092486
0.38868721784092486
0.3871872697491199
0.3867044064681977
0.37490593921393156
0.36940898606553674
0.368758438853547
0.3637599674984813
0.3637599674984813
0.30933871772140265
0.2847081506624818
0.2667437298223376
0.25495533971115947
0.25166859559249133
