0.5372689701616764
0.5372689701616764
0.5372689701616764
0.5185274672694504
0.5185274672694504
0.5052698911167681
0.5049448572099209
0.5049448572099209
0.5049448572099209
0.5049448572099209
0.5049448572099209
0.5049448572099209
0.5049448572099209
0.5049448572099209
0.5049448572099209
0.5049448572099209
0.5049448572099209
0.5049448572099209
0.5049448572099209
0.5049448572099209
0.5049448572099209
0.5049448572099209
0.5049448572099209
0.5002500372938812
0.5002500372938812
0.5002500372938812
0.5002500372938812
0.5002500372938812
0.49841965280938894
0.49435946997255087
0.49435946997255087
0.49435946997255087
0.4839909893926233
0.4739006352610886
0.47309281817433657
0.47309281817433657
0.47043870203197
0.46984481485560536
0.4602679272647947
0.4602679272647947
0.4598158709704876
0.4540345664136112
0.4422173658385873
0.4419064945541322
0.4419064945541322
0.43758559320122004
0.4328510360792279
0.4283915339037776
0.4283791850320995
0.42828572914004326
0.42635545413941145
0.42635545413941145
0.41680180840194225
0.4002657299861312
0.3998905448243022
0.3962669470347464
0.38068068819120526
0.3773683432955295
0.3773683432955295
0.36359572201035917
0.35836432315409184
0.3357468117028475
0.29243286792188883
0.28476202115416527
0.28133262787014246
0.2773258921224624
0.266733561642468
0.25537967812852
0.2542830810562009
0.25351107271853834
0.25351107271853834
0.24313103512395173
0.24216974701266736
0.24208346311934292
0.24154582858318463
0.2410888076556148
0.2347080740146339
0.23197608324699104
0.2319068920915015
0.22898990334942937
0.2285674454178661
0.2236493497621268
0.2113010777393356
0.19159652884991374
0.19159652884991374
0.1911568964133039
0.19084908301010728
0.18607094511389732
0.1848017731681466
0.1845239163376391
0.18429190758615732
0.18415179196745157
0.1834663636982441
0.18236043117940426
0.17849468160420656
0.17202550891670398
0.17202550891670398
0.16647200752049685
0.16647200752049685
0.16613971441984177
