0.7787175490520895
0.7787175490520895
0.758255323395133
0.7296971492469311
0.7051709070801735
0.6949958456680179
0.689641616307199
0.689641616307199
0.6761433351784945
0.6621083645150065
0.6599690280854702
0.6573339449241757
0.6552145760506392
0.6546964012086391
0.6542705316096544
0.6516042528674006
0.6516042528674006
0.6399618638679385
0.6209668279625475
0.6208993340842426
0.6197153436951339
0.6189125794917345
0.6184829019475728
0.6142193484120071
0.6137549469422083
0.6045519686304033
0.590795210795477
0.590795210795477
0.5883312989026308
0.5883312989026308
0.5880262479186058
0.5876721851527691
0.5876248329877853
0.5834160000085831
0.5032670977525413
0.459098617779091
0.4476728239824297
0.4465691680088639
0.4465691680088639
0.4451712155714631
0.4451712155714631
0.4451712155714631
0.4430278781801462
0.4312301119789481
0.42724712868221104
0.4257405332173221
0.42461971612647176
0.42461971612647176
0.4220108548179269
0.40300065465271473
0.38349355990067124
0.3723374027758837
0.3723374027758837
0.3723374027758837
0.3723374027758837
0.3586093010380864
0.3443946000188589
0.33616097550839186
0.3302591582760215
0.27964195189997554
0.18512995180208236
0.1499218763783574
0.10974654264282435
0.06391023355536163
0.03396155148220714
0.014245698519516736
0.009685555211035535
0.008251411047240254
0.008251411047240254
0.0
0.0
0.0
0.0
0.0
0.0
0.0
0.0
0.0
0.0
0.0
0.0
0.0
0.0
0.0
0.0
0.0
0.0
0.0
0.0
0.0
0.0
0.0
0.0
0.0
0.0
0.0
0.0
0.0
0.0
0.0
