0.7705353014171124
0.7705353014171124
0.7677302565425634
0.7660857448354363
0.7638433398678899
0.7506134090945125
0.7506134090945125
0.7486722804605961
0.7478660345077515
0.7111683432012796
0.6969449804164469
0.6955375652760267
0.6860084333457053
0.6855374588631094
0.6828860947862267
0.6828860947862267
0.6820810036733747
0.6815218955744058
0.6800790983252227
0.6782079262193292
0.6781949244905263
0.6781939151696861
0.6779614717233926
0.62859898339957
0.5935322248842567
0.5739177977666259
0.5739177977666259
0.5663329772651196
0.5663329772651196
0.552602075971663
0.5369134917855263
0.5110689480789006
0.49176095495931804
0.49176095495931804
0.49176095495931804
0.4905035450356081
0.49041765625588596
0.45008098776452243
0.09389745071530342
0.04034820245578885
0.0
0.0
0.0
0.0
0.0
0.0
0.0
0.0
0.0
0.0
0.0
0.0
0.0
0.0
0.0
0.0
0.0
0.0
0.0
0.0
0.0
0.0
0.0
0.0
0.0
0.0
0.0
0.0
0.0
0.0
0.0
0.0
0.0
0.0
0.0
0.0
0.0
0.0
0.0
0.0
0.0
0.0
0.0
0.0
0.0
0.0
0.0
0.0
0.0
0.0
0.0
0.0
0.0
0.0
0.0
0.0
0.0
0.0
0.0
0.0
